1 0.452849 0.466418 0.372947 0.303201
1 0.0779762 0.834214 0.154959 0.331571
1 0.452849 0.466418 0.372947 0.303201
1 0.0779762 0.834214 0.154959 0.331571
1 0.452849 0.466418 0.372947 0.303201
1 0.0779762 0.834214 0.154959 0.331571
1 0.452849 0.466418 0.372947 0.303201
1 0.0779762 0.834214 0.154959 0.331571
1 0.278468 0.534353 0.321634 0.413465
1 0.753991 0.479565 0.235386 0.326549
1 0.452849 0.466418 0.372947 0.303201
1 0.0779762 0.834214 0.154959 0.331571
1 0.452849 0.466418 0.372947 0.303201
1 0.0779762 0.834214 0.154959 0.331571
1 0.495303 0.548263 0.632078 0.375096
0 0.51941 0.436819 0.902412 0.873637
0 0.525376 0.600605 0.949247 0.79879
1 0.278468 0.534353 0.321634 0.413465
1 0.753991 0.479565 0.235386 0.326549
1 0.278468 0.534353 0.321634 0.413465
1 0.753991 0.479565 0.235386 0.326549
1 0.278468 0.534353 0.321634 0.413465
1 0.753991 0.479565 0.235386 0.326549
1 0.452849 0.466418 0.372947 0.303201
1 0.0779762 0.834214 0.154959 0.331571
0 0.513936 0.475889 0.972129 0.742341
1 0.641141 0.457498 0.527639 0.548714
1 0.558133 0.456214 0.378907 0.539406
1 0.495303 0.548263 0.632078 0.375096
1 0.278468 0.534353 0.321634 0.413465
1 0.753991 0.479565 0.235386 0.326549
1 0.278468 0.534353 0.321634 0.413465
1 0.753991 0.479565 0.235386 0.326549
1 0.478114 0.515022 0.224375 0.2184
1 0.0782628 0.816193 0.156526 0.367614
1 0.495303 0.548263 0.632078 0.375096
1 0.495303 0.548263 0.632078 0.375096
1 0.549095 0.636396 0.890057 0.699191
1 0.125917 0.178092 0.251412 0.343475
1 0.641141 0.457498 0.527639 0.548714
1 0.558133 0.456214 0.378907 0.539406
0 0.513936 0.475889 0.972129 0.742341
1 0.495303 0.548263 0.632078 0.375096
0 0.513936 0.475889 0.972129 0.742341
0 0.506142 0.612717 0.963781 0.469237
1 0.273395 0.424106 0.321103 0.492814
1 0.733379 0.535638 0.236206 0.322418
1 0.452849 0.466418 0.372947 0.303201
1 0.0779762 0.834214 0.154959 0.331571
1 0.478114 0.515022 0.224375 0.2184
1 0.0782628 0.816193 0.156526 0.367614
0 0.51941 0.436819 0.902412 0.873637
0 0.525376 0.600605 0.949247 0.79879
0 0.51941 0.436819 0.902412 0.873637
0 0.525376 0.600605 0.949247 0.79879
1 0.549095 0.636396 0.890057 0.699191
1 0.125917 0.178092 0.251412 0.343475
